115
165
135
148
112
166
109
148
162
152
122
183
121
117
135
188
121
122
124
114
158
178
157
172
135
195
192
172
158
193
134
127
195
138
124
138
124
143
179
178
162
145
188
169
103
196
192
132
140
180
149
145
109
191
108
122
146
100
188
135
121
146
196
141
106
157
171
143
159
152
104
113
118
185
114
123
162
123
114
103
112
151
123
198
182
113
109
109
129
196
147
117
163
103
180
116
136
126
166
196
169
144
150
111
197
162
149
149
142
143
147
199
192
101
184
173
152
178
168
106
152
120
190
148
152
119
105
116
142
165
145
109
134
101
144
156
164
153
149
154
126
193
152
183
131
100
102
125
131
198
101
175
140
125
123
168
176
187
111
115
195
170
131
171
146
196
148
131
169
161
179
175
118
193
192
124
106
101
134
182
112
114
120
181
172
138
124
132
197
125
197
126
108
115
167
171
147
194
121
124
197
135